5
-114.340322 ts77 dynamics sesquiterpene TS runpoint 1  runisomer  1
6 -0.0261458 0.6142533 -0.0130951
1 -0.2265442 1.0859344 0.9161799
1 -0.3776156 1.1669237 -0.8895047
1 0.9942901 -0.1340756 0.1442275
8 -0.0315554 -0.7259248 -0.0009430
5
 ts77 dynamics sesquiterpene TS runpoint 2  runisomer  1
6 -0.0279534 0.620061 -0.011335
1 -0.224585 1.06418 0.91675
1 -0.366457 1.17942 -0.917523
1 1.00839 -0.13273 0.129153
8 -0.0319139 -0.729783 0.00041556
5
     ts77     dynamics     sesquiterpene     TS     runpoint      3     runisomer      1
6 -0.0239597 1.9703931 -0.0241722
1 -0.4211137 2.8659842 1.8437829
1 -0.6953248 3.0806485 -1.8274103
1 2.0436638 0.4645688 0.2534783
8 -0.0317362 -0.7301569 0.0003274
5
-113.904010140     ts77     dynamics     sesquiterpene     TS     runpoint      4     runisomer      1
6 -0.0199187 3.3210668 -0.0367524
1 -0.6171085 4.6656175 2.7647832
1 -1.0245892 4.9818476 -2.7349326
1 3.0785062 1.0621319 0.3781795
8 -0.0315756 -0.7306651 0.0002529
5
-114.340322 ts77 dynamics sesquiterpene TS runpoint 1  runisomer  1
6 -0.0261458 0.6142533 -0.0130951
1 -0.2265442 1.0859344 0.9161799
1 -0.3776156 1.1669237 -0.8895047
1 0.9942901 -0.1340756 0.1442275
8 -0.0315554 -0.7259248 -0.0009430
5
-114.336774235 ts77 dynamics sesquiterpene TS runpoint 2  runisomer  1
6 -0.024423 0.608933 -0.0149867
1 -0.229701 1.10975 0.919103
1 -0.386632 1.15201 -0.860973
1 0.979003 -0.136045 0.157066
8 -0.0311178 -0.72237 -0.00231435
5
-114.336103145     ts77     dynamics     sesquiterpene     TS     runpoint      3     runisomer      1
6 -0.0230491 0.6050544 -0.0161604
1 -0.2335274 1.1333198 0.9244151
1 -0.3936743 1.1364375 -0.8397110
1 0.9642687 -0.1411165 0.1656093
8 -0.0305361 -0.7196441 -0.0036460
5
-114.334217492     ts77     dynamics     sesquiterpene     TS     runpoint      4     runisomer      1
6 -0.0222070 0.6030324 -0.0157639
1 -0.2363917 1.1525016 0.9277046
1 -0.4012608 1.1243183 -0.8329657
1 0.9527230 -0.1517974 0.1702764
8 -0.0297820 -0.7178992 -0.0048689
5
-114.332917856     ts77     dynamics     sesquiterpene     TS     runpoint      5     runisomer      1
6 -0.0221601 0.6032982 -0.0135052
1 -0.2372125 1.1644796 0.9262929
1 -0.4104491 1.1173825 -0.8432951
1 0.9458347 -0.1713967 0.1715529
8 -0.0287529 -0.7171814 -0.0059038
5
-114.333979999     ts77     dynamics     sesquiterpene     TS     runpoint      6     runisomer      1
6 -0.0233032 0.6063185 -0.0098094
1 -0.2356218 1.1682523 0.9197460
1 -0.4199789 1.1140624 -0.8670315
1 0.9430996 -0.2044190 0.1698326
8 -0.0272232 -0.7173946 -0.0066595
5
-114.337593800     ts77     dynamics     sesquiterpene     TS     runpoint      7     runisomer      1
6 -0.0261071 0.6124639 -0.0056407
1 -0.2319745 1.1647910 0.9099744
1 -0.4272913 1.1110304 -0.8965031
1 0.9416895 -0.2571274 0.1653789
8 -0.0247995 -0.7182747 -0.0070336
5
-114.344035722     ts77     dynamics     sesquiterpene     TS     runpoint      8     runisomer      1
6 -0.0310236 0.6218351 -0.0021774
1 -0.2272518 1.1569456 0.9010588
1 -0.4302187 1.1054190 -0.9236567
1 0.9372190 -0.3374970 0.1584663
8 -0.0209432 -0.7193936 -0.0069246
5
-114.355408487     ts77     dynamics     sesquiterpene     TS     runpoint      9     runisomer      1
6 -0.0383584 0.6341261 -0.0004865
1 -0.2227888 1.1487842 0.8983162
1 -0.4278709 1.0960142 -0.9425383
1 0.9267853 -0.4523182 0.1497274
8 -0.0152127 -0.7202740 -0.0062806
5
-114.373084823     ts77     dynamics     sesquiterpene     TS     runpoint      10     runisomer      1
6 -0.0480253 0.6485032 -0.0011803
1 -0.2197633 1.1440828 0.9059808
1 -0.4206606 1.0834405 -0.9504089
1 0.9145959 -0.6010751 0.1407327
8 -0.0078377 -0.7205993 -0.0051824
5
-114.392505883     ts77     dynamics     sesquiterpene     TS     runpoint      11     runisomer      1
6 -0.0594044 0.6637115 -0.0040905
1 -0.2186347 1.1445259 0.9242523
1 -0.4102695 1.0698894 -0.9482680
1 0.9130232 -0.7751576 0.1339624
8 0.0000719 -0.7202146 -0.0038586
5
-114.407525748     ts77     dynamics     sesquiterpene     TS     runpoint      12     runisomer      1
6 -0.0715139 0.6784457 -0.0082270
1 -0.2190771 1.1491224 0.9483069
1 -0.3995906 1.0586586 -0.9410116
1 0.9245664 -0.9641940 0.1300134
8 0.0077846 -0.7189402 -0.0024816
5
-114.412992902     ts77     dynamics     sesquiterpene     TS     runpoint      13     runisomer      1
6 -0.0833473 0.6916654 -0.0121179
1 -0.2204271 1.1554032 0.9706040
1 -0.3920687 1.0534410 -0.9363973
1 0.9284429 -1.1526006 0.1258690
8 0.0160296 -0.7170533 -0.0009994
5
-114.402970720     ts77     dynamics     sesquiterpene     TS     runpoint      14     runisomer      1
6 -0.0941244 0.7026767 -0.0144512
1 -0.2221517 1.1610419 0.9843270
1 -0.3902751 1.0569186 -0.9414591
1 0.9043541 -1.3192756 0.1186266
8 0.0256297 -0.7153868 0.0006605
5
-114.384927649     ts77     dynamics     sesquiterpene     TS     runpoint      15     runisomer      1
6 -0.1034104 0.7111195 -0.0146862
1 -0.2240536 1.1647409 0.9856711
1 -0.3944736 1.0691134 -0.9576124
1 0.8459618 -1.4467892 0.1073656
8 0.0366618 -0.7146878 0.0024793
5
-114.370637913     ts77     dynamics     sesquiterpene     TS     runpoint      16     runisomer      1
6 -0.1110852 0.7168980 -0.0132428
1 -0.2262998 1.1664498 0.9747070
1 -0.4025998 1.0870776 -0.9792481
1 0.7563603 -1.5247916 0.0924665
8 0.0487211 -0.7153474 0.0043883
5
-114.365029893     ts77     dynamics     sesquiterpene     TS     runpoint      17     runisomer      1
6 -0.1172074 0.7200015 -0.0111761
1 -0.2293935 1.1672973 0.9553580
1 -0.4117049 1.1063859 -0.9975087
1 0.6436745 -1.5503913 0.0750044
8 0.0611847 -0.7173317 0.0063061
5
-114.366477882     ts77     dynamics     sesquiterpene     TS     runpoint      18     runisomer      1
6 -0.1219012 0.7203109 -0.0097035
1 -0.2340516 1.1692674 0.9344878
1 -0.4193320 1.1228848 -1.0049321
1 0.5217340 -1.5331468 0.0567163
8 0.0731664 -0.7198133 0.0081349
5
-114.365189132     ts77     dynamics     sesquiterpene     TS     runpoint      19     runisomer      1
6 -0.1253123 0.7175640 -0.0097958
1 -0.2409187 1.1743289 0.9195051
1 -0.4240995 1.1336864 -0.9978796
1 0.4132264 -1.5087447 0.0400840
8 0.0832973 -0.7202882 0.0097499
5
-114.351189063     ts77     dynamics     sesquiterpene     TS     runpoint      20     runisomer      1
6 -0.1275898 0.7115607 -0.0117887
1 -0.2501815 1.1830016 0.9146935
1 -0.4258763 1.1376159 -0.9772465
1 0.3394151 -1.5369367 0.0266734
8 0.0903540 -0.7148007 0.0110913
5
-114.351093418     ts77     dynamics     sesquiterpene     TS     runpoint      21     runisomer      1
6 -0.1288794 0.7024336 -0.0151766
1 -0.2613418 1.1934387 0.9188418
1 -0.4258850 1.1355709 -0.9484376
1 0.2886411 -1.6176013 0.0143945
8 0.0952260 -0.7033983 0.0123272
5
-114.359891988     ts77     dynamics     sesquiterpene     TS     runpoint      22     runisomer      1
6 -0.1293130 0.6906451 -0.0188056
1 -0.2733806 1.2020284 0.9266112
1 -0.4265945 1.1304483 -0.9204224
1 0.2388448 -1.6925902 0.0012600
8 0.0994944 -0.6900452 0.0136193
5
-114.354281851     ts77     dynamics     sesquiterpene     TS     runpoint      23     runisomer      1
6 -0.1290367 0.6767908 -0.0214238
1 -0.2851955 1.2049906 0.9320602
1 -0.4309310 1.1260133 -0.9027973
1 0.1812823 -1.7250665 -0.0130472
8 0.1039328 -0.6775101 0.0150271
